Station Number,2022091409,2022091412,2022091415,2022091418,2022091421,2022091424,2022091503,2022091506,2022091509,2022091512,2022091515,2022091518,2022091521,2022091524,2022091603,2022091606,2022091609,2022091612,2022091615,2022091618,2022091621,2022091624
11001,14,15,15,11,11,10,10,14,19,21,20,16,14,13,13,14,17,19,17,15,15,15
11016,14,15,15,12,13,12,13,16,19,21,20,17,16,15,15,15,18,20,19,17,16,16
11046,14,15,15,10,11,11,12,14,18,21,21,16,15,14,14,16,20,22,22,17,16,15
11076,15,15,13,11,8,7,6,9,18,20,20,15,13,11,11,12,17,20,19,16,15,14
11121,15,16,16,12,7,5,4,6,18,20,21,16,12,9,9,11,18,21,20,16,14,13
11151,15,17,17,11,9,9,10,13,18,20,21,16,14,14,13,15,21,23,23,17,15,15
11176,15,16,16,11,9,7,6,7,18,20,20,16,13,10,10,12,19,22,22,17,15,14
11206,14,15,15,11,8,7,6,9,17,21,21,16,14,12,12,13,18,20,20,16,15,15
11276,15,16,16,10,7,4,2,6,17,20,21,15,12,10,9,10,18,21,22,17,15,13
11291,14,16,15,12,9,7,6,8,17,22,22,17,16,15,14,13,18,20,20,17,16,16
11316,14,17,16,11,7,4,2,2,15,21,20,15,12,10,9,9,17,21,20,16,14,12
12011,15,17,17,11,7,5,2,4,17,20,20,15,11,9,10,10,18,21,20,18,14,12
12041,14,17,17,11,8,5,5,5,14,21,20,15,12,11,10,10,17,21,21,17,15,14
12141,15,17,17,12,8,5,5,5,12,18,19,15,12,11,10,9,15,19,19,17,15,14
12181,16,17,17,12,8,5,5,6,12,18,19,15,12,10,10,10,16,22,21,17,15,14
12231,14,16,16,11,7,4,2,3,13,18,18,15,11,9,7,9,17,21,21,17,14,12
12261,15,17,17,12,9,7,6,4,12,19,19,16,14,11,9,10,16,20,20,17,15,15
12266,15,17,17,12,8,5,3,4,13,17,18,15,12,10,9,10,18,19,19,16,15,14
12301,16,17,17,13,9,6,5,5,13,18,19,16,13,11,9,9,15,19,19,17,16,15
12386,15,18,18,12,8,6,4,5,13,18,19,15,11,9,8,10,16,20,20,16,14,13
12396,15,18,18,12,8,6,4,6,12,17,18,15,12,10,9,10,14,20,20,16,15,14
12411,13,15,16,10,7,3,2,3,11,15,15,12,10,8,6,7,13,18,18,15,14,13
12442,16,18,18,13,12,9,7,7,12,18,18,16,15,12,11,11,17,21,20,18,17,16
12451,15,18,18,14,10,8,5,6,13,17,18,17,14,12,11,11,15,21,20,18,16,15
12512,14,17,16,12,8,6,4,6,13,15,16,13,12,10,8,9,16,21,20,16,15,14
12551,15,18,18,12,8,7,4,4,13,17,18,14,11,10,8,9,15,21,21,16,15,13
12596,16,19,19,15,11,9,6,7,14,20,20,17,14,12,10,10,17,22,22,19,17,16
12626,16,18,18,14,11,9,5,6,13,18,19,14,13,11,9,10,16,21,22,18,17,16
12632,15,17,17,13,10,8,6,6,13,17,18,15,12,11,9,9,17,21,21,16,16,15
12691,15,17,17,13,9,7,5,6,12,17,17,15,12,9,8,9,16,19,19,16,15,14
12746,14,18,18,11,8,7,6,7,14,20,20,14,11,8,7,8,15,21,20,15,14,14
15041,14,17,16,10,6,4,2,4,13,19,19,12,10,8,8,8,16,18,17,13,12,11
15076,14,18,18,12,9,7,6,4,14,19,19,15,12,10,9,9,16,19,18,15,14,13
13061,16,18,17,10,8,5,4,9,19,21,20,15,12,10,10,12,20,21,20,16,14,14
13086,15,17,17,10,8,7,5,7,18,20,20,15,13,12,12,12,20,22,21,17,15,14
13121,16,17,18,11,8,6,6,8,17,20,19,15,12,12,12,13,19,20,20,16,14,15
13146,15,17,18,12,11,12,13,14,19,21,20,15,17,18,16,16,21,23,21,17,17,18
13181,17,18,18,13,10,9,7,7,16,20,20,16,14,15,13,13,19,21,21,18,16,16
13261,16,19,19,13,9,7,5,5,17,20,20,15,11,11,10,10,19,22,21,16,15,13
13277,16,18,17,14,11,10,8,9,16,20,19,15,15,14,13,13,19,20,19,19,17,16
13311,17,18,18,13,10,9,8,9,18,20,20,14,13,13,11,12,18,20,20,17,16,15
13321,16,19,18,13,10,8,6,6,15,21,20,14,11,11,10,11,18,20,20,16,15,13
14026,18,19,19,14,10,10,9,9,17,20,20,16,14,13,12,12,18,21,20,18,17,17
14071,16,20,19,14,10,9,8,9,17,20,20,15,13,12,12,12,18,21,21,17,15,16
14101,17,20,20,16,13,11,9,9,15,19,20,16,15,12,11,11,16,21,20,16,16,15
14116,18,20,19,14,12,11,9,10,18,21,21,16,15,14,12,13,20,23,22,18,17,16
14121,18,20,19,14,12,11,10,9,16,20,20,16,14,14,12,12,18,21,21,17,17,16
14136,17,21,20,14,12,11,8,8,16,19,19,15,14,12,10,11,17,21,21,16,15,15
14163,17,19,19,15,15,14,13,12,17,20,20,18,17,16,14,13,17,21,22,20,19,18
14206,17,20,19,14,13,11,9,9,16,19,19,15,13,12,10,10,18,21,21,17,16,16
14286,16,18,17,13,12,12,11,11,16,18,18,16,15,14,13,13,17,19,18,15,15,16
15116,18,20,20,14,11,8,7,6,14,21,21,15,13,12,10,10,17,19,19,16,15,14
15161,17,19,19,14,10,7,5,6,14,18,19,15,13,11,10,10,17,20,19,16,15,14
15231,16,19,19,13,10,8,5,5,15,19,20,16,12,10,9,9,17,20,20,16,15,14
15241,17,19,19,14,11,9,7,7,14,18,18,16,14,12,11,11,17,20,20,17,16,15
15251,16,18,18,14,11,8,6,7,14,18,18,16,13,11,10,10,16,21,21,18,16,14
15311,17,20,20,14,11,10,7,8,15,20,21,15,13,11,10,10,17,21,20,16,15,15
15321,17,20,20,15,12,9,6,8,15,19,20,16,13,11,10,11,16,21,21,16,16,15
15356,17,19,19,16,13,11,8,9,15,19,18,16,15,13,12,12,16,21,21,17,16,16
15431,17,20,21,15,14,12,9,10,17,20,20,16,16,13,12,12,18,21,21,17,17,16
15442,16,18,19,13,10,8,8,9,16,19,19,14,12,10,9,9,15,20,21,15,15,15
16026,19,19,18,12,9,8,8,9,18,20,21,14,12,11,11,13,20,21,21,16,14,14
16061,18,21,19,13,12,12,11,12,18,21,22,17,16,16,16,17,19,20,21,18,18,18
16076,17,19,18,12,10,10,8,9,17,20,20,15,13,13,12,14,19,19,19,17,16,16
16091,18,19,18,14,13,12,12,11,18,19,20,16,16,15,14,14,17,19,19,18,18,17
16156,18,20,20,13,11,12,11,9,18,20,20,17,14,13,13,14,18,21,21,18,17,16
16206,20,20,20,13,11,11,9,8,17,20,21,17,14,12,11,12,19,21,21,18,16,15
16217,16,18,18,12,11,11,8,8,16,19,20,17,15,12,12,12,15,19,19,18,17,15
16252,18,20,19,13,13,13,11,12,18,21,19,15,15,16,15,16,19,20,20,17,17,17
16281,15,17,17,11,9,9,7,8,16,19,19,15,12,11,10,8,16,19,19,15,14,14
16286,16,19,18,12,9,8,4,6,16,20,20,15,11,8,6,6,16,20,20,16,13,13
16321,18,20,21,14,11,10,9,9,18,21,22,17,14,11,10,11,19,21,20,17,16,16
17036,16,16,15,11,8,6,4,6,15,19,20,17,13,13,11,12,19,20,20,16,15,14
17076,15,15,14,10,8,5,2,5,15,18,19,15,13,12,11,11,18,19,19,16,15,14
17091,12,15,15,9,6,2,3,4,14,18,19,14,11,9,8,9,19,22,21,15,14,13
17112,14,15,14,12,11,9,7,7,15,19,17,16,15,14,13,13,19,20,19,18,18,17
17166,14,15,14,11,10,8,6,5,13,18,17,14,14,13,12,13,18,20,21,18,17,16
17196,12,15,15,10,8,5,1,3,13,18,18,15,12,9,8,9,17,22,22,16,15,14
17246,14,14,14,10,9,9,8,8,14,16,16,14,13,13,12,13,20,23,23,17,17,17
17306,12,14,14,10,9,7,2,3,13,18,19,14,12,11,10,11,17,21,21,17,16,15
17316,13,13,13,10,9,6,3,4,12,17,17,12,11,9,8,10,19,22,22,16,15,15
17341,13,15,14,11,10,11,10,10,14,17,16,15,14,14,13,14,19,21,19,16,17,17
17351,13,14,13,9,9,9,8,8,15,14,14,11,12,12,13,14,19,22,22,15,17,16
17482,9,13,13,9,7,3,2,4,12,17,17,12,9,8,6,6,14,19,19,15,13,13
17501,11,13,13,10,8,4,2,4,14,18,18,14,11,9,8,9,18,22,23,17,14,14
17521,12,14,14,11,10,7,4,4,12,18,17,14,13,10,9,11,18,20,20,16,16,16
17546,13,14,13,11,10,8,7,9,17,19,18,13,11,11,12,13,20,21,20,16,16,16
17561,14,14,14,11,11,9,7,8,16,18,16,12,11,10,10,12,19,21,22,17,17,16
17596,12,14,14,10,6,2,2,4,13,18,18,13,12,10,8,9,17,20,19,16,14,14
17607,12,14,14,11,8,6,2,3,13,18,18,14,12,10,9,10,18,20,20,16,15,15
17631,13,14,14,11,9,8,6,7,15,17,17,13,10,9,8,9,19,21,20,15,16,15
17717,12,13,13,11,9,7,5,5,14,17,16,14,11,10,8,9,19,21,20,16,15,15
18038,16,17,16,11,10,9,9,10,16,19,19,13,13,13,15,16,20,20,20,15,15,15
18136,16,17,16,13,11,11,9,10,16,20,19,15,13,11,11,13,19,21,21,16,15,15
18161,14,15,14,12,9,8,7,9,16,20,20,14,10,9,9,12,19,21,20,15,14,14
18171,14,16,16,12,10,9,6,8,15,18,18,13,11,9,8,10,20,22,21,15,14,14
18256,15,16,16,12,10,8,5,9,17,19,19,14,11,8,6,10,20,23,21,15,14,14
18273,15,16,15,13,12,12,11,13,18,19,19,15,15,14,14,16,21,22,20,17,16,16
18281,15,16,16,13,12,12,12,14,18,20,20,14,14,14,14,17,21,21,20,16,16,16
18311,14,17,16,12,10,7,4,8,17,21,19,13,11,10,6,11,20,23,21,15,14,14
19021,13,12,11,9,8,7,5,8,14,17,16,11,9,7,6,9,17,19,19,15,14,14
19051,13,13,12,9,9,8,8,10,15,16,16,13,10,8,9,11,18,19,19,14,14,14
19076,11,12,11,9,7,6,5,5,11,17,17,14,9,6,7,9,16,19,19,15,13,13
19151,15,15,14,11,8,7,5,5,15,19,18,13,11,9,7,8,18,21,20,15,14,13
19191,16,17,16,12,9,7,4,5,15,19,18,15,12,10,8,9,19,21,20,16,15,14
19261,16,17,17,11,8,6,3,4,16,19,18,14,11,9,9,10,19,21,20,15,14,13
19311,16,18,17,12,9,7,6,9,16,19,19,14,13,12,9,12,18,20,19,16,15,15
19376,15,16,15,11,9,9,8,10,16,17,18,13,13,11,10,11,20,22,20,15,15,14
19416,17,18,17,12,8,8,6,7,15,17,17,14,12,12,10,11,19,20,20,16,14,14
19432,16,17,16,13,11,10,9,9,16,18,18,16,15,13,11,12,19,21,21,18,17,16
19451,16,15,14,10,9,9,8,11,16,17,18,14,15,13,11,13,18,19,18,16,16,16
20146,14,15,14,10,8,6,4,4,13,18,18,15,10,8,6,7,16,21,20,16,15,15
20186,15,17,17,10,5,4,2,4,13,19,18,12,9,7,5,5,14,18,17,13,13,13
20266,16,19,19,13,9,6,4,7,15,19,19,16,13,11,9,10,15,19,19,15,15,14
20276,17,18,18,13,10,9,7,5,14,18,18,17,14,12,10,10,17,22,21,17,17,16
20341,16,18,18,13,11,9,7,6,13,18,17,17,13,12,10,11,16,21,21,17,16,15
20356,17,19,19,14,11,10,8,7,15,17,19,15,14,12,10,10,17,20,20,17,16,15
20361,17,21,20,15,12,10,8,8,16,20,20,17,14,13,11,10,15,19,19,17,16,15
20371,18,19,19,14,12,9,5,5,14,19,19,16,13,11,10,11,17,20,20,17,15,15
20421,18,19,19,15,12,10,7,6,14,19,18,17,14,13,11,10,16,20,21,18,16,15
20432,17,19,19,14,13,11,10,9,15,18,18,16,15,14,13,12,16,21,21,18,17,16
20441,18,19,19,14,11,10,6,6,15,20,19,15,12,12,11,11,16,21,21,17,16,15
20506,17,18,18,15,11,9,7,7,16,20,20,16,14,13,12,11,18,22,22,17,16,15
20556,17,18,18,13,10,7,6,7,15,18,19,14,11,12,11,10,17,21,22,17,14,14
20601,17,18,18,13,11,8,7,7,15,18,19,14,13,11,9,11,17,20,20,15,13,13
20606,17,19,19,14,11,10,9,7,15,20,20,15,14,13,11,12,17,21,21,16,14,14
20631,17,19,19,13,11,10,7,8,15,19,19,16,14,13,12,12,19,23,22,16,15,15
20696,17,19,19,15,11,9,7,7,16,19,18,16,13,12,11,11,18,21,21,17,14,14
20751,18,19,20,16,13,11,10,11,16,19,21,17,15,14,13,14,19,20,20,17,16,16
21111,17,19,19,14,12,10,8,10,18,19,19,16,13,11,10,11,19,21,20,17,16,15
21126,18,20,20,14,10,9,8,9,17,20,20,15,12,10,8,9,16,22,21,17,15,14
21161,17,18,18,13,8,7,6,7,17,21,21,16,11,9,8,9,19,21,20,15,14,13
21171,19,19,19,13,10,10,8,11,18,20,21,15,13,12,11,12,19,20,19,15,15,15
21187,17,20,20,15,13,12,10,11,17,21,21,17,16,14,13,14,19,21,21,18,18,18
21226,19,21,20,13,10,9,9,10,18,20,20,16,14,12,13,14,19,21,21,18,16,15
21261,19,20,19,14,12,11,10,10,17,20,20,17,14,14,13,13,19,22,21,18,17,18
21276,17,19,19,14,12,10,9,10,18,20,20,17,15,13,11,12,19,21,21,17,17,16
21297,19,20,20,15,13,12,11,11,18,20,20,16,15,14,15,14,21,22,22,18,18,17
21312,17,20,20,14,11,10,10,10,16,21,21,15,14,14,14,14,20,21,19,15,15,16
21323,18,20,21,16,16,13,13,13,17,22,23,17,17,16,17,17,20,21,20,17,18,18
22036,16,19,19,13,10,10,10,9,16,20,21,16,11,8,7,8,16,22,22,17,15,14
22141,18,20,21,15,13,11,11,11,19,21,21,16,15,13,12,14,21,21,21,17,16,16
22156,19,21,21,14,12,11,11,10,19,22,22,16,13,12,10,10,18,22,21,17,15,14
22241,18,21,21,16,14,12,12,12,19,20,21,18,16,14,13,13,20,21,21,18,16,16
22291,18,19,20,15,12,10,9,9,19,21,21,16,11,10,9,11,21,22,21,16,14,15
22306,17,21,19,13,11,8,9,8,18,23,21,15,12,10,8,10,19,22,21,14,13,14
22327,18,19,18,15,13,11,11,13,18,20,20,17,15,14,12,13,20,22,20,17,17,17
22391,18,17,17,14,13,12,13,14,18,20,20,16,17,17,16,16,19,20,19,17,18,18
23031,19,20,19,14,11,11,10,11,18,20,20,15,14,13,13,14,19,20,20,18,17,17
23086,20,20,20,16,13,10,9,10,18,19,19,17,15,13,11,12,19,21,21,18,16,15
23166,19,21,21,16,12,12,11,12,18,20,21,17,14,13,12,13,20,22,22,17,16,16
23206,20,21,21,16,14,13,12,14,19,22,20,16,15,15,14,15,20,21,19,16,15,16
23226,20,21,21,17,14,13,12,12,19,21,21,18,16,15,13,14,21,24,23,18,17,18
23232,19,21,21,17,14,13,13,12,19,23,22,18,17,16,15,16,22,23,22,18,18,18
23326,19,21,21,17,15,13,12,12,18,20,20,18,17,16,15,15,21,23,22,18,18,18
23376,19,21,19,16,14,14,14,14,19,21,21,16,17,17,16,17,22,24,23,19,19,18
24141,19,21,21,16,12,12,12,12,18,21,22,17,15,16,15,15,19,22,22,19,18,18
24041,19,21,20,15,13,11,10,12,18,21,21,18,16,14,14,15,19,20,20,18,17,17
24051,20,22,22,16,11,9,10,10,18,22,23,17,14,12,12,13,18,21,21,17,16,17
24101,18,19,19,16,16,14,15,15,18,21,21,17,17,18,17,17,20,21,20,19,19,19
24201,18,20,20,16,12,10,9,9,17,21,21,18,13,11,10,10,19,23,22,18,15,15
24217,19,21,22,17,15,14,14,13,18,21,22,18,18,17,16,15,20,24,24,20,19,19
31001,19,20,20,16,15,15,13,15,20,21,21,17,17,17,16,18,22,23,21,18,18,19
31111,19,21,20,17,14,13,12,12,20,21,22,17,15,13,14,17,22,23,22,19,18,17
31121,20,21,20,16,14,14,13,14,20,22,21,17,16,15,17,19,23,23,22,19,19,19
31136,20,20,20,15,14,13,12,12,18,20,21,16,16,15,15,16,22,23,21,18,17,17
31156,20,22,19,17,14,13,12,13,19,20,20,17,16,16,16,17,21,22,21,18,18,18
31186,20,21,21,16,14,14,13,14,19,21,21,17,17,17,17,18,22,24,23,19,18,19
31201,20,21,20,17,15,15,15,15,20,21,21,18,17,17,17,18,23,23,22,19,19,18
31296,21,22,22,17,16,14,13,13,19,21,22,18,18,17,16,15,22,24,23,20,20,18
31312,21,22,21,18,16,15,14,13,19,21,22,19,19,18,17,16,21,25,25,21,21,19
31332,20,20,19,17,15,15,13,13,19,20,20,17,17,16,16,15,21,22,21,20,19,18
31336,19,20,19,16,14,14,13,13,18,20,19,16,16,15,17,17,21,22,20,19,19,18
31366,21,21,21,16,14,13,11,12,19,20,20,16,16,17,16,15,22,24,23,20,19,18
31436,21,21,21,16,13,12,11,12,19,21,20,17,16,17,16,16,22,24,24,20,19,18
31461,21,22,22,18,16,14,12,12,18,21,20,18,17,16,15,14,21,25,24,22,20,18
31466,21,21,21,16,15,13,12,11,18,20,20,17,16,16,15,13,21,24,24,21,19,17
31482,16,17,16,13,10,10,9,8,15,18,18,14,13,13,12,11,17,19,18,15,15,14
31506,19,20,20,16,16,14,13,13,18,20,20,18,18,17,17,16,22,23,22,20,20,18
31586,19,21,20,17,16,15,13,12,18,20,20,17,16,15,14,14,21,23,23,20,19,17
31602,19,20,20,17,15,14,13,12,18,21,21,18,18,17,16,16,22,24,24,22,20,19
31646,20,21,21,16,13,12,11,11,19,21,21,17,15,15,14,13,22,24,24,19,18,16
31662,19,19,18,14,13,12,11,11,17,19,19,16,14,14,13,13,19,22,23,18,17,16
31721,19,21,20,16,14,13,12,11,18,23,22,17,15,14,14,13,20,25,24,20,18,16
32056,21,22,22,16,14,14,13,12,19,21,21,17,17,18,17,16,21,24,24,21,20,20
32111,22,23,23,18,16,15,14,14,19,22,22,20,20,17,17,16,22,26,26,22,21,18
32126,21,23,24,18,16,15,13,13,19,22,21,20,18,17,16,15,21,25,26,22,20,17
32136,22,24,24,17,15,14,13,12,19,21,21,19,17,17,16,15,20,25,26,21,19,17
32146,20,22,21,17,14,12,11,10,17,21,21,17,16,15,15,13,16,22,23,20,18,16
32206,21,22,21,16,15,13,12,12,18,21,21,17,16,15,15,14,18,22,22,19,18,16
32266,17,20,20,14,12,9,10,11,17,20,21,15,13,13,12,12,15,19,19,17,15,14
32286,22,24,23,18,15,13,12,11,20,22,21,17,17,16,15,14,20,24,25,19,18,17
32287,23,24,25,19,16,14,13,13,21,24,23,19,18,17,17,15,21,25,26,21,19,18
32296,24,23,24,18,16,15,13,13,21,24,22,19,18,16,16,15,22,26,27,20,19,17
32311,22,23,23,17,14,13,11,12,20,23,22,18,16,16,15,14,16,22,24,20,17,17
32402,23,24,24,21,19,16,16,15,21,24,24,20,20,19,19,17,21,26,27,22,22,20
32407,23,24,24,20,16,13,12,12,20,23,23,19,17,16,15,15,19,23,25,21,18,17
32466,23,24,25,20,16,16,14,13,20,24,24,19,18,17,16,15,20,23,24,21,19,18
32476,21,24,24,18,17,15,14,12,20,23,22,18,18,18,16,15,20,24,24,21,20,18
32496,22,24,24,19,16,14,13,13,20,22,22,19,17,15,14,13,19,23,24,21,18,16
32551,23,24,24,21,17,17,16,15,20,24,24,19,19,18,16,15,20,24,25,22,20,19
32571,23,24,24,20,18,16,15,15,21,24,24,20,18,17,16,15,22,27,26,22,20,18
32581,24,24,24,20,17,16,15,14,21,24,24,19,17,16,14,14,21,24,25,22,19,17
32596,23,24,25,22,19,18,16,15,21,25,25,21,20,18,17,16,21,24,25,23,21,19
32616,23,23,24,21,18,16,15,16,22,23,24,22,20,18,16,17,22,24,25,24,21,19
32626,22,23,24,20,17,15,14,14,21,23,23,20,18,16,15,14,21,23,24,21,19,17
32691,22,23,23,20,19,15,14,13,20,23,23,19,18,16,14,14,20,24,25,21,19,17
32771,20,22,22,18,17,16,14,14,20,22,21,17,17,16,15,15,20,22,22,18,18,17
33006,20,20,19,15,13,13,11,12,18,20,20,16,15,16,15,15,19,22,23,19,17,17
33026,18,20,20,15,13,11,10,10,19,21,21,17,15,14,13,12,19,24,24,20,18,16
33071,19,20,19,15,13,12,10,10,18,21,21,17,15,14,14,13,20,23,23,20,18,16
33136,19,21,20,15,13,12,9,10,18,21,21,17,15,14,12,11,19,23,23,19,17,16
33146,20,21,20,17,14,13,12,11,19,22,21,17,15,14,13,13,18,24,24,20,17,15
33166,20,21,21,15,13,12,10,11,18,20,20,17,16,15,15,14,18,22,22,20,18,17
33176,17,20,20,14,12,11,8,11,17,19,20,17,15,14,13,12,17,21,22,18,17,16
33186,18,19,18,14,11,10,9,9,17,21,21,16,13,12,11,9,17,23,23,18,16,14
33206,19,21,20,16,15,13,11,11,19,21,21,17,16,15,14,13,21,26,26,19,17,15
33226,20,21,21,16,13,10,9,11,17,21,21,17,16,15,14,13,17,21,22,21,18,16
33296,21,23,22,17,15,13,12,13,19,22,22,18,18,17,15,13,19,24,25,21,19,18
33326,22,23,21,17,14,13,12,12,19,23,22,17,16,15,13,13,17,25,25,21,18,16
33336,21,22,22,18,15,15,13,13,20,22,22,18,17,17,15,15,20,25,25,20,19,17
33371,18,20,19,14,10,8,8,8,17,20,19,15,14,12,9,8,17,21,21,17,14,13
33421,20,23,22,17,15,13,12,12,18,22,22,18,18,16,15,14,19,25,25,20,18,16
33431,22,23,23,17,15,14,14,13,19,23,23,19,19,17,15,14,18,24,25,21,19,18
33441,18,19,19,15,12,10,9,9,17,20,20,16,14,12,10,9,17,21,21,17,15,14
33472,22,22,19,16,15,14,12,13,20,22,21,17,17,16,15,15,21,26,25,20,19,17
33486,21,23,23,16,13,13,11,12,19,22,22,17,15,15,13,13,18,21,22,19,16,16
33501,22,24,23,17,16,14,14,13,19,23,23,19,18,16,14,14,18,23,24,20,19,18
33526,21,23,22,16,14,13,12,12,19,23,23,17,16,14,13,13,17,24,25,19,17,17
33581,23,24,23,19,16,15,14,13,20,23,23,19,17,15,14,13,20,25,25,19,18,18
33616,22,22,20,17,16,14,13,14,20,22,21,18,17,15,15,15,21,25,24,20,18,18
33631,22,24,24,18,16,15,14,13,19,22,22,18,16,15,14,14,19,22,23,19,17,17
33671,21,23,24,16,14,13,13,11,18,22,22,17,15,13,12,11,16,22,23,19,16,17
33716,23,24,24,19,18,17,16,15,20,22,23,19,19,17,16,15,20,24,25,21,20,20
33751,23,24,22,18,16,15,14,14,21,23,22,18,17,16,15,15,23,25,26,21,19,19
33776,21,24,25,19,17,16,14,15,20,22,23,19,18,16,15,15,20,24,24,20,18,19
33781,24,24,24,20,18,17,16,15,20,23,23,19,18,17,15,15,21,24,25,20,19,20
33801,22,25,24,17,15,14,14,14,20,23,22,17,16,15,14,13,19,23,24,19,17,18
33877,24,24,23,17,16,15,14,14,20,22,21,17,16,15,14,15,21,22,23,19,18,18
33911,23,24,24,19,16,17,16,16,21,22,23,18,17,16,15,15,20,23,24,20,19,19
33921,21,24,25,17,15,15,15,14,20,23,23,17,15,14,13,14,20,24,24,18,17,18
34012,19,23,22,16,14,13,11,13,18,20,20,15,14,13,12,13,19,20,20,17,15,16
34026,23,24,22,17,15,15,14,14,20,21,20,17,15,15,14,15,20,23,22,19,18,19
34096,23,25,25,18,17,16,14,15,20,22,22,17,16,14,14,15,20,22,23,19,18,18
34111,22,24,24,18,16,16,15,14,19,22,22,17,15,15,14,14,20,23,24,19,17,18
34171,23,26,25,18,16,16,15,15,21,23,23,17,16,15,14,14,20,23,23,19,18,18
34186,24,23,22,17,16,16,16,15,21,22,21,17,16,15,14,14,20,23,24,20,18,19
34216,23,25,25,18,16,16,15,16,20,23,22,18,16,15,15,15,21,23,24,19,18,18
34266,23,25,25,18,16,16,16,16,21,23,22,18,16,15,15,15,21,24,24,20,18,18
34276,24,27,26,18,16,16,15,16,21,24,22,17,15,14,14,15,21,24,23,19,18,18
34292,23,24,22,17,16,16,16,16,20,22,21,17,17,17,16,16,20,23,23,20,20,20
34296,24,22,21,16,16,16,15,15,20,21,20,16,15,16,15,15,21,24,25,20,19,20
34311,25,25,24,18,17,16,15,15,20,23,21,17,15,14,13,14,19,24,23,19,17,17
34331,23,26,24,17,17,17,16,16,20,23,21,17,17,17,17,17,21,24,24,20,20,21
34392,23,26,25,19,18,17,18,17,21,24,22,18,18,17,17,17,21,24,25,20,20,20
34461,24,26,25,18,18,17,17,16,21,24,23,18,17,16,16,15,20,23,24,20,19,18
34462,24,27,25,18,17,17,16,16,21,24,22,17,15,15,15,15,20,25,26,19,18,17
34471,24,24,24,18,17,17,17,16,21,22,21,17,17,16,16,16,20,22,23,20,19,19
34506,24,25,24,18,18,18,18,16,21,23,22,17,16,15,15,15,21,24,26,21,19,18
35002,22,23,23,19,19,17,17,17,21,24,24,19,20,20,19,19,22,25,25,20,21,21
35052,24,24,24,21,19,17,16,17,22,24,25,21,20,19,18,18,23,26,25,23,22,20
35071,21,25,24,19,17,15,13,13,20,23,23,18,16,15,14,14,20,22,23,20,18,16
35116,22,23,24,20,16,15,14,14,20,23,23,18,17,15,14,14,20,23,24,21,18,17
35141,25,25,24,21,20,17,16,15,22,23,24,19,19,18,17,17,23,25,25,22,21,19
35146,24,23,22,20,18,17,16,16,21,23,23,19,18,18,17,17,21,24,24,21,20,19
35162,22,25,25,22,18,16,14,13,21,24,24,19,19,17,15,15,21,24,25,22,20,19
35176,22,24,24,19,17,15,14,14,20,23,23,18,17,15,14,15,20,22,23,20,18,18
35216,23,23,22,19,15,14,12,11,20,21,21,17,15,14,13,12,20,22,22,19,17,15
35231,22,24,24,22,18,17,15,15,20,23,23,19,19,17,15,15,20,23,24,21,20,19
35246,24,24,23,20,19,18,17,17,22,23,23,20,20,20,19,19,22,24,25,22,21,20
35332,24,24,24,21,18,17,16,15,21,24,24,19,18,16,15,15,21,24,25,22,20,18
35361,21,22,24,18,16,15,13,12,20,23,23,18,16,14,14,13,19,22,24,20,17,15
35376,24,24,24,20,17,17,15,14,20,23,22,19,16,16,15,14,20,25,25,22,19,17
35426,24,25,26,21,19,18,17,16,21,24,25,21,20,17,16,16,21,24,25,23,21,19
35456,23,25,25,20,18,16,16,15,20,23,23,20,18,16,15,15,20,23,24,22,20,17
35486,22,25,25,20,17,15,14,14,20,24,24,19,17,16,15,14,19,22,23,21,18,16
35511,24,27,26,21,18,17,15,15,21,25,25,20,18,17,15,15,20,24,25,22,20,18
35541,23,25,25,20,17,15,14,14,21,24,24,19,17,15,15,14,20,22,23,20,17,16
35552,24,25,25,21,18,16,15,15,20,25,25,20,18,17,15,15,20,24,25,23,20,17
36056,24,26,26,18,17,16,16,16,21,24,25,17,15,15,15,15,19,23,23,19,17,16
36066,24,27,27,19,18,18,18,17,23,25,24,19,17,16,16,16,21,25,25,22,20,19
36106,20,22,22,18,15,13,11,12,19,22,22,17,15,14,13,12,16,19,20,17,15,14
36127,25,27,27,20,19,19,18,18,22,25,25,20,19,18,18,18,21,25,26,23,22,20
36151,25,26,25,18,17,18,17,17,21,23,22,18,16,16,16,16,22,25,26,22,20,18
36176,26,27,27,22,18,17,16,15,22,25,26,21,18,17,16,15,23,25,25,21,18,17
36196,18,21,20,14,12,11,11,12,16,19,18,14,14,13,13,12,16,18,18,14,15,14
36221,23,25,25,17,15,14,14,14,20,23,22,16,14,15,14,14,19,23,23,19,17,17
36251,23,25,25,21,18,16,15,15,21,25,25,21,18,17,15,16,21,25,25,20,18,17
36276,24,25,25,20,16,15,15,14,20,23,23,19,17,16,15,15,20,22,22,18,18,17
36291,25,26,26,20,18,17,16,17,21,25,25,20,19,18,17,17,20,23,24,22,21,20
36342,22,25,26,20,17,17,16,16,20,26,25,20,18,17,16,15,19,24,24,20,18,17
36361,26,27,26,23,20,18,16,16,22,27,27,22,21,19,17,16,22,25,25,22,21,20
36391,24,25,25,18,16,15,14,14,20,24,24,17,16,15,15,14,20,22,24,19,18,18
36411,25,25,24,19,17,17,18,17,22,23,22,18,17,16,16,17,23,26,25,22,20,19
36426,22,25,25,21,17,17,18,18,21,26,26,21,19,18,17,16,19,26,26,22,19,17
36476,26,26,26,20,17,17,16,16,21,25,25,19,18,18,16,16,21,23,23,21,20,19
36501,24,24,23,17,16,15,14,14,20,23,21,16,15,14,14,13,20,23,23,20,18,18
36536,22,25,25,21,18,17,16,14,20,26,26,21,19,18,16,13,17,25,25,21,19,17
36562,22,24,24,18,16,15,13,15,19,22,22,17,16,15,14,13,18,21,21,18,17,16
36591,24,26,26,19,16,15,15,15,20,25,24,17,16,14,14,14,20,25,25,20,18,17
36611,26,26,24,19,18,18,18,18,22,23,22,18,17,18,18,19,23,26,25,22,21,21
36641,23,24,24,20,17,15,14,13,20,25,25,19,16,15,14,12,18,24,23,20,17,15
36667,25,25,25,21,17,17,16,16,21,25,24,20,18,17,16,15,20,23,23,21,19,18
36676,25,26,26,20,18,17,17,16,22,25,25,18,17,17,16,15,20,25,25,21,19,18
36716,19,23,24,18,15,13,12,12,21,24,24,18,17,15,13,12,17,23,22,18,16,14
36821,24,26,27,20,17,17,16,16,21,25,25,18,17,17,16,14,19,23,25,21,18,18
36836,25,26,25,19,18,17,17,17,22,24,23,18,17,17,16,16,22,25,25,20,19,18
36846,26,26,25,19,18,18,18,18,23,24,22,18,18,18,18,19,23,26,25,22,22,21
40046,26,25,24,19,17,17,16,17,22,23,22,18,17,17,17,17,23,25,24,21,20,19
40061,26,27,27,21,18,18,17,17,22,26,25,18,18,17,16,13,20,25,25,21,19,18
40091,26,27,26,20,18,18,17,17,23,25,23,18,17,17,16,14,22,24,25,21,18,18
40136,26,25,25,20,19,18,18,19,22,23,23,18,18,19,18,19,22,25,24,21,21,20
40191,26,27,26,21,18,17,17,17,22,25,24,19,17,17,15,14,22,25,25,21,19,17
40201,26,27,26,20,18,17,17,18,23,24,23,19,18,18,17,16,23,25,24,21,21,19
40221,27,29,28,22,20,20,19,19,23,26,26,20,18,18,18,18,22,25,26,23,21,20
40231,27,29,27,21,19,19,17,18,23,26,26,19,18,18,17,16,22,26,26,21,20,19
40281,26,29,27,21,19,19,18,18,23,25,25,19,18,18,17,16,22,25,25,21,20,20
40311,25,28,27,20,18,18,18,19,22,24,24,18,17,17,16,17,24,26,25,21,20,19
40336,26,27,27,21,19,18,17,18,23,24,23,19,18,17,16,16,23,25,25,21,19,19
40341,26,27,26,21,19,18,18,18,23,24,23,19,17,17,17,17,23,25,25,22,21,20
40406,26,27,25,21,19,19,19,19,21,23,24,19,19,19,18,19,23,24,24,21,21,21
40426,26,27,28,21,19,18,18,18,23,24,25,18,17,17,16,16,22,25,25,21,19,19
41011,22,23,23,17,16,15,13,13,18,22,21,16,16,15,13,13,18,21,21,17,16,16
41076,21,24,24,20,19,18,18,17,20,23,22,18,18,17,15,14,19,23,22,19,17,17
41091,24,25,25,21,19,18,17,16,21,23,23,19,18,17,15,14,20,24,24,20,18,18
41116,22,25,24,18,17,17,16,15,20,23,22,17,16,15,13,11,17,22,21,17,15,14
41141,26,26,26,22,19,18,18,17,22,25,25,19,18,17,16,15,22,26,26,21,19,18
41166,22,22,22,16,16,15,14,12,17,20,19,15,15,14,12,11,15,19,20,15,14,14
41171,24,26,26,21,19,18,17,16,20,23,23,19,18,17,15,15,20,24,24,20,18,18
41181,26,27,26,21,19,19,18,17,21,24,24,19,18,17,16,14,21,24,25,20,19,18
41247,26,27,26,20,19,19,18,18,22,25,24,18,17,17,16,15,21,24,26,21,19,17
41271,27,27,27,22,20,19,19,18,22,25,25,20,18,18,17,16,23,25,25,22,20,19
41277,26,28,28,22,20,19,19,18,22,25,26,19,18,19,18,16,22,25,26,23,21,20
41331,26,28,27,21,19,19,18,18,22,26,25,19,18,18,17,16,22,25,26,22,20,19
41361,28,28,29,23,21,20,20,19,23,25,26,22,19,19,19,18,23,24,26,24,22,21
41376,27,29,27,22,19,19,19,19,22,26,26,19,18,18,18,17,22,24,25,22,21,20
42046,23,27,26,20,19,19,18,17,21,26,26,19,18,18,16,15,21,24,24,19,17,16
42091,25,28,26,20,20,19,19,18,21,25,25,20,20,19,18,17,22,25,25,20,18,17
42121,22,23,22,19,17,16,15,14,19,22,22,16,16,15,14,13,16,19,19,17,15,14
42146,25,29,28,23,20,19,19,18,21,26,26,21,20,20,18,17,23,25,26,21,19,18
42186,25,28,27,24,20,19,19,18,21,26,26,20,20,19,18,17,20,24,25,22,20,19
42221,21,24,23,18,17,16,16,15,20,23,22,17,16,16,14,13,17,20,19,16,15,15
42251,27,28,28,24,21,21,20,20,23,26,26,22,21,20,20,19,23,25,25,23,22,21
42266,27,28,28,23,20,20,19,19,23,26,26,21,20,20,19,18,22,24,26,23,21,20
42286,27,29,29,23,21,20,20,18,23,26,26,21,20,19,18,18,24,25,26,20,20,19
42302,27,28,28,24,21,20,20,20,23,26,26,23,21,20,19,19,22,23,25,24,23,22
42326,26,28,27,23,21,21,20,20,22,26,26,20,20,19,17,16,21,26,26,21,20,19
42366,27,28,28,23,20,20,20,20,23,26,26,21,19,19,18,18,22,24,26,23,21,21
42396,25,27,26,22,19,20,20,19,22,25,25,20,19,17,16,16,21,24,23,19,18,18
43051,26,27,28,22,20,20,19,18,23,26,26,22,19,18,17,17,22,24,25,21,20,19
43056,26,28,28,23,21,20,19,19,22,26,26,22,19,18,18,18,21,25,27,23,22,21
43126,28,29,28,22,20,20,20,19,23,26,26,21,18,18,18,18,22,26,27,23,21,21
43156,25,27,27,22,20,19,20,19,22,26,26,21,20,19,17,16,20,26,27,22,21,20
43171,27,29,29,23,21,20,20,18,23,26,26,22,20,19,18,17,22,26,28,23,21,20
43241,28,29,28,23,21,20,20,20,22,26,26,22,19,19,18,18,22,26,26,23,22,21
43256,28,29,27,22,20,19,19,19,23,26,26,20,18,18,17,17,23,26,27,22,21,20
43266,26,29,28,22,21,20,19,19,22,25,25,21,19,18,18,17,21,26,26,22,21,20
44046,24,27,26,20,19,18,18,17,20,24,24,20,18,17,16,15,18,24,24,20,19,18
44056,26,28,28,22,21,20,19,18,22,26,26,21,20,19,18,17,22,26,27,23,21,20
44071,28,29,28,23,22,20,20,20,22,25,26,22,20,18,18,18,22,26,26,23,22,22
44112,27,29,28,23,21,20,20,19,23,26,27,22,20,19,18,17,21,26,26,23,22,21
44116,28,30,28,23,21,20,20,19,22,26,26,22,19,18,18,17,22,26,26,22,22,21
44132,28,30,28,22,21,20,19,19,22,26,25,21,20,19,19,19,23,26,27,22,22,22
44136,28,30,28,23,21,20,19,19,23,26,24,20,20,19,19,19,23,25,26,22,22,21
44172,28,30,29,24,22,20,19,20,23,26,26,20,20,20,20,20,23,27,28,22,22,22
44226,29,28,28,25,24,24,22,22,24,25,25,22,21,21,21,22,24,26,26,23,23,23
44263,28,30,28,24,23,23,23,22,25,27,26,21,21,21,21,21,26,29,28,23,23,23
44301,28,29,28,27,27,26,26,26,30,30,29,27,27,27,27,27,29,31,30,27,27,27
45061,26,27,27,21,19,18,18,18,22,24,24,19,17,17,16,16,22,24,24,21,19,19
45081,25,26,26,21,19,18,18,19,21,23,23,18,17,17,16,18,23,24,24,21,19,19
45106,27,28,27,22,21,20,19,19,23,24,25,20,19,19,18,18,23,25,25,22,21,20
45116,27,27,27,21,19,18,18,18,22,24,24,19,18,17,16,17,23,25,25,22,20,19
45147,27,26,25,21,20,19,19,19,21,23,22,19,19,20,20,20,23,26,24,22,22,23
45181,27,28,28,22,20,19,19,19,22,25,25,19,19,18,18,18,24,25,26,21,20,20
45212,28,27,28,23,21,20,20,19,23,24,25,20,20,20,20,19,23,25,25,22,22,22
45261,27,27,28,22,20,19,19,19,22,24,25,19,19,18,17,18,22,25,25,21,20,20
45282,27,28,27,22,20,19,19,19,22,25,25,19,19,19,18,19,22,25,25,22,21,21
45291,27,28,27,22,20,18,18,19,23,24,25,19,18,17,16,17,22,25,25,21,20,19
45326,27,28,27,21,20,18,17,18,23,25,25,18,17,16,16,16,22,24,24,20,19,19
45361,30,30,27,23,22,20,19,20,24,26,25,20,20,19,19,19,24,26,26,22,22,21
45371,29,29,28,22,21,20,19,20,23,25,26,20,20,20,19,19,23,26,26,22,22,22
45401,29,31,29,23,22,20,19,19,25,25,25,20,20,20,19,20,26,27,27,22,23,22
46091,28,31,29,23,22,21,20,19,24,27,27,22,20,19,18,18,23,27,27,23,22,21
46106,29,31,28,24,21,21,20,20,24,27,26,21,21,21,20,20,24,26,26,23,22,23
46141,30,33,31,24,23,21,21,20,24,27,27,22,21,20,19,19,23,27,27,23,23,22
46166,28,31,29,23,23,21,20,19,24,26,26,22,21,19,18,18,23,28,28,23,22,21
46211,28,31,30,24,21,20,20,20,24,27,27,21,20,20,20,20,24,26,27,23,22,22
48031,23,25,24,20,18,17,16,16,21,25,26,21,19,19,17,16,18,26,27,22,19,18
48061,23,23,22,19,18,18,17,16,22,26,25,20,20,19,19,17,20,25,25,21,19,19
48066,25,27,26,23,20,19,18,18,23,28,28,23,22,20,19,17,21,27,27,24,21,20
48141,24,26,25,20,19,18,18,18,23,26,25,21,20,20,19,17,19,27,26,20,18,17
48156,25,27,26,22,21,21,20,19,24,27,27,23,23,22,21,20,22,25,25,23,21,21
48191,23,26,26,20,19,17,17,17,22,26,27,21,20,19,18,17,19,27,28,21,18,17
48196,24,26,27,21,20,19,19,18,23,26,27,22,21,20,19,18,22,25,25,21,19,18
48216,22,22,22,18,16,14,14,13,20,22,22,17,17,15,14,12,18,19,19,15,15,14
48256,25,27,28,22,21,19,18,18,22,26,27,21,21,20,19,17,20,24,25,22,21,20
48296,25,28,27,22,20,19,19,19,23,28,28,23,22,21,20,18,22,24,25,22,21,19
48321,22,25,25,20,17,16,15,15,20,24,24,19,18,17,15,14,19,24,23,18,17,16
48331,22,24,24,19,17,17,16,15,19,23,22,17,16,15,14,13,17,21,21,16,16,15
48361,25,27,27,22,21,21,20,19,23,27,27,22,22,20,19,18,22,23,24,23,22,20
48381,24,27,27,21,20,19,18,17,22,26,26,20,20,19,16,15,19,24,24,20,19,18
48386,24,28,28,23,20,19,18,17,21,27,27,20,20,18,17,15,20,26,25,21,20,18
48466,23,26,26,20,17,16,18,19,22,27,26,20,19,17,16,15,21,22,22,19,18,17
48491,24,26,26,23,22,21,19,19,23,25,25,22,23,21,19,18,22,23,23,22,21,20
48531,21,25,24,20,17,16,18,19,21,25,24,19,18,17,17,16,19,23,24,19,18,17
48536,22,26,26,20,18,18,17,19,22,27,26,20,19,18,18,17,20,22,23,20,19,18
48546,24,27,27,22,20,20,20,19,24,26,26,22,22,20,20,19,23,23,23,21,20,21
48561,22,25,25,21,19,18,17,16,22,26,26,20,19,18,16,15,19,23,23,20,19,17
48571,21,24,23,19,17,16,15,13,20,23,22,17,16,15,13,11,15,20,21,17,16,15
48606,24,27,27,23,20,19,19,20,24,28,27,21,21,20,19,19,22,25,26,22,21,20
48621,26,28,28,23,21,21,20,20,24,28,28,22,22,22,20,19,23,23,25,22,21,21
48717,24,28,27,23,22,22,21,21,23,26,27,21,20,20,20,19,22,25,26,21,21,19
48731,24,27,26,22,21,21,20,20,23,27,27,21,20,21,19,19,20,22,24,21,20,20
48767,26,27,27,25,23,22,22,21,24,27,28,22,22,22,22,21,23,25,25,23,22,21
48826,23,26,24,21,19,18,18,17,21,24,24,19,18,18,17,16,20,21,22,18,17,17
48841,27,29,30,25,22,23,22,21,25,29,29,23,22,22,21,20,22,25,27,23,21,20
49036,24,27,28,22,21,19,18,17,22,25,25,20,20,19,17,15,19,23,24,21,20,18
49086,25,28,28,23,21,20,19,18,23,27,28,22,21,20,19,18,23,24,24,21,21,19
49142,26,29,29,25,22,21,20,20,22,28,28,22,23,22,21,19,23,25,26,24,23,22
49151,27,31,31,24,22,21,19,18,23,30,30,23,22,21,20,18,21,26,27,24,22,21
49161,26,28,27,22,21,19,19,18,22,26,26,21,19,19,18,16,21,26,27,21,20,18
49196,26,29,29,22,19,18,17,16,22,28,28,21,20,19,17,16,22,23,23,19,19,17
49236,25,30,29,24,23,21,19,19,22,29,28,22,22,21,20,19,21,25,25,23,22,20
49251,23,27,26,21,19,18,17,15,19,24,25,19,18,16,15,14,17,22,23,19,17,16
49256,23,27,26,19,18,18,17,15,20,24,23,17,17,16,14,14,16,21,22,17,16,15
49316,28,31,30,25,22,23,21,20,24,29,28,22,22,22,20,19,21,27,27,22,21,20
50106,23,27,25,21,19,20,19,17,21,25,24,19,19,18,17,16,19,23,23,19,18,17
50136,27,28,28,21,19,18,17,16,22,25,26,19,18,18,17,17,21,26,26,21,19,18
50196,28,29,28,24,23,22,22,21,24,27,27,22,22,22,20,19,22,27,28,25,24,22
50206,29,32,30,23,22,20,18,18,25,28,27,22,22,22,20,18,23,29,28,25,23,22
50226,27,29,27,24,23,22,22,22,24,26,26,22,22,22,21,21,23,26,27,22,21,21
50241,27,30,29,23,21,21,20,20,22,27,26,21,21,20,19,19,22,26,26,21,20,20
50261,27,31,30,24,23,21,20,19,24,27,27,23,23,22,20,21,23,28,28,24,23,22
50281,27,29,29,23,22,21,20,20,23,25,26,21,21,21,20,19,20,25,26,22,22,21
50331,29,30,30,25,24,22,20,19,24,28,27,23,23,22,21,21,23,28,28,24,24,23
50386,27,30,29,24,22,21,21,21,23,26,26,21,21,20,19,19,23,28,27,22,21,21
50456,27,30,30,26,25,22,21,20,23,26,25,23,23,21,20,20,23,28,29,23,23,23
50476,28,29,28,24,22,20,19,19,23,25,25,22,20,19,18,18,22,26,26,22,21,21
50491,28,30,31,24,20,19,18,18,25,27,26,21,20,19,18,18,24,28,28,23,22,22
50506,28,29,28,23,22,21,20,20,24,26,25,20,20,20,20,20,22,25,25,22,22,23
50536,29,29,29,25,24,21,20,19,23,26,27,22,21,20,19,18,25,29,28,24,22,22
50551,29,31,30,25,24,22,21,20,24,26,26,23,23,22,21,20,24,27,28,24,24,24
50561,28,28,29,23,22,21,20,20,24,25,25,21,21,21,20,20,23,26,26,23,23,23
51031,28,32,32,25,25,24,22,21,24,27,28,23,22,22,21,21,24,27,27,23,22,22
51071,25,28,27,23,22,20,20,20,24,27,25,21,21,20,19,19,22,25,24,20,19,20
51106,28,31,30,26,26,25,23,22,25,27,27,24,24,23,22,23,25,28,28,24,24,24
51116,29,31,30,26,25,24,23,22,26,28,28,23,23,22,22,22,25,28,28,24,24,22
51216,29,31,30,25,26,24,22,21,25,27,26,23,23,22,21,21,24,27,27,23,23,22
51226,28,31,29,25,24,22,21,20,24,27,26,23,22,22,21,21,23,26,26,23,22,22
51247,27,29,29,25,23,22,21,21,23,26,25,22,22,22,20,20,23,25,25,23,22,21
51281,28,31,30,25,24,23,21,21,23,26,26,23,22,21,20,20,23,28,28,23,22,22
51311,29,31,31,25,24,24,22,21,24,27,28,23,22,22,21,20,23,27,28,23,23,23
51331,29,32,30,25,24,22,21,21,23,27,28,22,22,21,20,19,24,27,28,23,22,22
51346,29,31,31,26,25,24,22,21,24,26,26,23,23,22,21,20,25,27,27,24,24,24
52041,25,29,28,22,21,21,21,21,25,27,26,23,22,21,21,20,22,25,26,23,22,21
52051,25,28,27,23,21,21,21,21,24,28,27,23,23,22,21,20,23,26,27,24,23,21
52081,24,29,29,23,21,20,20,19,24,28,28,23,22,21,20,19,22,25,24,23,21,20
52111,24,26,27,22,19,18,20,20,23,27,27,21,20,19,18,17,21,25,26,21,20,18
52146,25,29,28,23,22,22,21,21,25,28,29,23,23,22,21,20,22,26,28,25,23,21
52181,23,26,26,20,19,20,19,19,22,24,25,20,19,19,17,17,19,23,23,19,18,17
52196,23,26,26,23,20,20,21,20,22,26,27,21,20,19,18,17,19,23,24,22,20,18
52221,25,29,28,23,22,22,21,20,22,26,27,21,21,20,20,19,21,24,26,22,20,20
52286,26,29,29,25,23,23,22,21,24,28,28,23,23,22,20,20,23,26,28,24,23,21
52331,26,29,30,24,24,23,23,22,24,28,27,22,22,21,20,20,23,25,27,23,21,21
52346,27,29,29,25,23,22,22,22,25,27,27,22,22,21,20,19,23,25,27,23,22,21
52381,27,30,28,24,23,23,23,21,24,27,26,21,21,21,20,20,23,23,24,21,21,20
52406,25,29,30,24,24,23,23,22,25,27,28,22,21,21,20,20,24,26,27,23,22,21
52461,28,30,30,25,25,24,23,22,26,28,28,22,22,22,21,21,25,27,28,22,22,22
52482,26,28,27,24,23,22,22,21,23,27,26,21,21,20,19,18,22,24,25,21,20,20
52511,28,30,30,27,25,25,25,24,26,27,27,24,23,23,21,21,24,25,26,24,23,22
52536,27,30,30,26,25,25,24,23,25,28,27,23,23,23,22,21,25,26,26,24,23,23
52556,26,30,29,25,24,23,23,22,25,28,27,22,23,22,21,20,23,25,27,24,23,21
52557,27,29,28,25,24,23,23,21,24,28,28,23,23,22,21,20,24,25,26,24,23,21
52571,27,30,30,25,25,25,24,22,25,26,27,24,23,22,21,21,23,25,26,23,23,22
52581,28,31,30,25,25,26,24,23,26,27,28,24,24,24,22,22,24,26,27,24,24,24
52586,28,31,30,26,26,26,23,23,25,27,26,23,24,24,23,23,24,27,27,23,24,24
52606,28,31,31,26,25,25,24,22,26,29,29,23,22,22,21,21,25,28,29,24,22,22
53041,29,32,33,27,27,25,23,21,25,28,29,25,24,23,21,21,24,27,28,24,24,23
53061,29,30,30,25,25,24,23,22,24,28,27,22,22,22,22,21,23,27,27,23,23,22
53091,28,30,30,25,25,24,23,22,25,27,28,22,21,21,21,20,23,28,28,23,23,23
53112,28,29,30,27,25,24,22,21,26,27,28,24,23,22,21,20,24,27,28,24,23,23
53133,28,29,29,27,26,24,23,23,25,27,27,24,24,23,22,21,24,27,27,25,25,24
53196,29,31,31,26,25,24,22,22,25,27,27,23,22,22,21,20,25,27,28,24,23,23
53231,27,30,30,25,24,23,22,23,25,27,27,23,21,20,20,19,23,27,27,23,21,21
53257,27,29,30,25,24,23,22,22,24,26,26,22,22,21,21,20,23,26,27,23,23,23
53296,29,31,31,25,24,23,22,21,24,27,27,23,22,21,21,20,24,28,28,23,23,23
53326,28,31,31,25,25,24,24,24,25,28,28,23,24,23,23,22,25,28,28,24,24,24
53378,28,29,30,26,25,24,23,23,26,26,26,24,23,22,21,21,25,28,27,24,23,23
53401,29,30,31,26,25,25,24,24,27,28,29,24,23,23,22,22,26,28,29,24,23,23
54012,25,24,23,19,19,17,18,19,23,24,25,21,21,22,21,21,24,25,26,22,22,22
54041,24,23,22,18,18,18,18,18,22,24,24,19,19,20,19,20,24,25,26,22,22,22
54086,26,26,25,21,19,16,15,15,22,26,25,22,20,19,17,17,22,25,28,25,21,19
54157,25,25,25,20,18,18,17,18,23,26,26,22,20,19,18,20,25,27,27,23,22,22
54166,26,26,26,21,20,20,20,20,24,26,26,22,21,20,20,21,25,28,28,24,23,23
54181,26,26,26,21,20,18,17,16,23,26,26,22,21,20,18,17,23,25,27,25,22,20
54191,25,26,25,22,20,18,17,16,22,25,25,23,21,19,18,17,22,25,26,24,21,19
54232,26,25,24,20,20,19,18,18,23,26,26,22,22,21,20,19,23,27,29,24,23,22
54271,26,26,25,20,18,17,17,16,24,27,26,21,20,19,18,18,25,29,29,23,22,21
54296,26,28,26,21,19,19,18,17,23,27,28,22,21,20,19,17,22,29,30,24,22,21
54341,25,26,25,19,18,18,17,17,23,26,26,21,21,20,18,17,23,28,28,23,22,21
54387,25,26,26,19,18,19,18,18,23,27,26,21,21,21,20,19,24,28,29,24,22,22
54396,25,27,26,20,20,19,19,18,23,28,27,22,22,21,20,19,23,28,28,25,23,22
54421,23,26,25,19,17,17,16,16,22,26,26,20,19,17,16,16,23,25,25,22,19,18
54501,25,26,26,22,20,20,19,19,23,27,27,23,22,22,21,20,22,29,29,25,23,22
54541,26,26,27,22,19,18,17,19,24,26,26,23,21,20,19,19,25,28,29,24,22,21
54566,23,25,25,21,19,17,16,16,22,26,25,22,20,19,18,16,21,27,28,23,20,19
54586,26,27,27,22,20,20,20,20,24,27,27,23,22,22,21,20,24,29,29,25,23,22
54616,23,25,25,22,21,20,18,19,22,26,27,24,22,21,19,18,21,28,29,25,23,19
54651,27,27,27,22,21,20,18,20,24,28,27,23,22,22,20,20,25,30,30,24,22,22
54661,25,25,26,22,19,19,18,17,23,27,26,22,21,20,18,17,21,28,28,23,21,19
54676,25,25,25,21,19,18,18,18,23,27,27,23,21,20,18,18,22,28,29,24,22,19
54711,27,27,27,23,20,19,19,19,24,27,27,23,23,22,22,22,24,28,28,25,24,23
54721,27,26,25,21,19,18,18,17,23,26,25,21,21,20,20,20,24,28,27,24,22,20
54816,24,24,24,21,19,18,19,18,23,26,24,21,20,21,20,20,22,28,27,23,21,21
54836,23,24,24,21,18,17,17,18,21,25,24,22,20,19,18,18,19,25,26,23,20,19
54841,25,26,26,23,20,19,18,17,23,27,27,23,21,20,19,18,21,26,27,23,21,19
55022,27,26,27,22,21,20,20,20,24,27,27,23,22,22,22,21,26,29,29,24,22,22
55041,26,26,25,22,21,20,21,22,25,26,25,23,22,21,20,21,26,26,26,23,22,22
55056,28,28,26,23,22,22,21,21,25,27,28,24,22,22,22,21,25,28,29,25,23,21
55091,26,28,28,23,22,21,22,22,25,27,27,23,24,23,22,23,25,26,27,24,24,23
55102,27,28,28,22,22,23,22,21,25,28,28,23,24,23,23,22,27,29,28,24,24,24
55141,26,27,27,22,22,22,22,21,25,28,27,23,23,22,21,22,24,26,26,24,23,22
55166,26,27,27,22,21,21,20,20,24,27,27,23,22,21,20,20,23,26,27,23,21,19
55191,27,27,26,23,22,21,20,20,25,29,28,24,23,22,21,22,24,26,26,24,23,22
55206,26,27,25,22,21,21,20,20,24,28,28,23,22,21,21,21,24,27,26,23,22,21
56036,25,27,27,20,18,17,17,17,24,26,26,21,20,20,19,19,25,27,28,23,22,21
56052,25,27,27,21,20,18,17,17,24,26,26,22,20,19,18,18,24,26,26,23,22,23
56116,25,27,27,21,20,19,19,20,24,28,28,23,21,21,20,20,25,27,28,24,23,23
56146,25,27,27,21,20,19,19,20,24,27,28,22,21,20,19,19,25,27,28,23,22,22
56176,26,26,27,22,21,20,20,21,25,28,27,24,22,22,21,22,25,27,26,24,23,23
56186,26,28,26,22,21,21,21,21,25,28,27,24,23,22,21,22,25,25,26,23,23,23
56227,26,28,27,23,22,22,22,22,26,29,28,24,24,24,24,23,25,26,26,25,24,24
56276,28,30,28,23,22,21,21,22,26,29,28,24,24,23,23,22,26,27,26,25,24,23
56286,26,29,28,23,21,21,21,20,26,29,28,24,22,22,21,20,25,27,26,24,22,21
56301,28,29,28,21,20,20,20,20,26,28,27,23,22,21,21,20,25,26,25,22,22,21
57001,28,29,27,22,22,21,21,22,26,28,28,23,23,22,22,22,26,27,26,24,24,22
57051,27,29,29,22,22,23,24,24,26,27,27,24,23,23,23,22,24,26,26,23,22,22
57066,27,31,30,24,24,23,23,23,26,29,29,25,25,23,23,22,25,27,28,25,24,22
57082,26,29,29,25,24,23,22,22,25,28,28,25,24,23,22,21,23,26,27,24,23,22
57121,26,29,29,26,24,23,22,22,24,27,28,25,24,23,22,21,24,26,27,25,23,22
57206,27,30,29,25,23,22,21,21,24,28,27,24,23,22,21,20,24,26,26,22,21,20
57248,28,30,29,26,25,25,24,24,26,28,27,24,24,24,23,23,25,27,27,23,24,23
57286,28,28,28,25,24,23,23,22,27,28,29,24,23,23,23,22,25,27,27,24,23,22
57317,28,30,30,25,24,22,22,21,26,29,30,26,24,23,22,21,24,27,28,24,24,23
60051,28,30,29,26,24,24,23,22,26,27,27,26,24,22,21,21,24,26,26,23,23,22
60061,28,31,31,25,24,24,23,22,26,28,28,24,23,22,22,21,25,26,27,23,23,22
60102,27,29,29,25,23,23,23,21,25,27,28,22,21,22,21,21,23,25,26,22,22,21
60116,28,29,29,26,25,25,24,23,26,28,29,25,24,23,22,21,25,26,27,23,24,23
60131,28,30,31,26,25,24,24,22,26,28,29,24,24,23,22,21,24,26,27,25,25,23
60196,27,30,29,25,24,23,22,21,25,27,28,23,22,22,21,20,24,27,28,24,23,22
60216,28,30,30,26,25,24,23,22,26,28,29,24,24,23,22,21,24,26,27,24,24,24
60226,27,29,28,24,22,21,20,20,25,27,27,22,20,20,19,18,22,24,25,21,20,20
60236,27,29,29,25,24,23,22,21,25,27,27,23,22,21,21,20,22,26,26,23,23,22
61001,26,27,27,22,22,22,23,22,26,29,28,25,24,23,22,23,26,26,27,23,22,23
61076,27,29,29,23,22,22,21,21,27,30,30,25,23,21,21,22,26,27,27,21,21,22
61111,27,30,29,24,23,22,22,21,26,30,29,25,23,22,21,22,25,27,27,23,23,22
61187,27,30,30,25,23,22,21,21,26,29,30,26,24,22,21,21,25,26,26,24,23,22
61206,26,30,29,24,22,20,21,20,26,29,29,24,22,19,19,19,23,25,26,22,22,21
61242,26,31,30,26,23,21,21,21,26,29,29,24,22,20,20,20,24,26,26,23,22,22
61286,28,31,30,27,26,25,24,23,27,29,29,25,25,24,23,22,25,27,28,25,25,25
61326,29,30,30,26,24,23,22,22,26,28,28,24,23,22,21,20,25,27,27,24,23,22
62016,28,30,29,26,23,22,22,21,26,28,28,24,22,21,21,21,24,25,26,22,21,22
62046,29,31,30,27,26,25,24,23,27,29,29,25,24,23,22,21,25,27,27,24,24,23
62078,28,31,30,27,26,25,25,24,28,29,30,25,25,24,22,22,26,28,28,24,24,24
62081,24,27,25,22,20,20,19,19,22,24,24,20,19,18,18,17,21,24,23,19,18,19
62091,29,31,31,28,26,25,25,24,28,30,30,26,25,24,23,22,26,28,29,24,25,24
62131,28,30,30,27,23,23,22,22,27,29,29,25,24,23,22,21,26,28,28,24,22,23
63016,26,28,28,22,21,21,21,21,26,29,30,25,23,22,21,21,25,26,26,23,21,22
63051,27,29,29,23,23,22,22,21,25,31,30,26,24,22,22,22,25,27,28,24,22,22
63071,23,26,26,21,20,20,19,19,25,27,26,23,22,21,20,17,22,24,23,21,20,21
63121,26,29,28,23,22,22,20,20,25,30,30,26,24,22,21,20,24,25,26,23,22,22
63201,26,29,29,24,22,20,20,20,26,30,30,25,23,22,21,20,24,26,27,23,22,22
63216,28,30,29,25,23,22,21,21,26,29,29,25,24,22,21,21,24,25,26,23,23,23
63251,27,30,30,25,23,22,21,21,25,30,30,25,24,22,21,20,23,26,27,23,21,21
63321,28,30,30,26,24,23,23,23,27,31,31,26,25,23,22,22,26,27,28,24,23,23
63331,28,31,30,26,24,22,22,22,27,30,30,26,24,22,21,22,25,27,27,24,22,22
63366,27,29,30,26,24,22,22,22,27,31,30,25,24,22,22,22,26,29,29,23,22,21
63383,29,30,30,27,25,24,23,23,28,31,30,26,25,24,22,22,26,29,27,24,23,23
63411,27,29,29,25,23,22,21,20,26,28,29,24,22,20,20,20,25,26,27,23,21,21
63461,27,29,29,26,24,23,23,23,27,28,29,25,23,22,21,21,26,27,27,23,23,22
63491,29,31,30,26,25,24,23,23,28,30,30,25,25,23,23,23,26,27,27,22,23,23
63496,29,31,30,27,25,24,23,23,28,30,30,27,25,24,23,22,27,28,28,24,24,24
63518,28,31,31,29,27,26,25,24,28,30,30,27,26,25,24,24,27,29,29,24,25,25
63551,30,32,31,26,26,24,23,23,28,32,31,26,21,21,22,23,27,30,30,24,22,22
63571,29,30,30,27,26,25,24,23,28,29,30,26,22,21,21,21,26,30,30,24,22,22
63588,29,32,31,27,25,24,23,22,28,31,30,26,23,22,23,22,26,29,28,24,22,22
64036,28,31,30,26,24,24,23,22,27,29,29,24,23,22,21,21,25,27,27,24,23,23
64041,27,29,27,23,21,21,19,19,24,26,26,22,20,19,18,18,22,25,24,21,20,20
64101,27,29,28,23,22,21,19,19,24,26,26,22,21,20,19,19,24,26,26,22,21,21
64127,28,29,30,25,23,22,22,21,27,28,29,24,22,21,20,19,24,28,28,23,22,21
64206,25,30,29,24,23,23,22,23,24,25,26,23,22,21,20,19,21,26,24,22,22,21
64227,25,29,29,24,23,22,22,23,25,29,29,23,21,20,19,19,22,26,25,22,21,21
65026,27,31,31,26,22,21,21,21,27,28,29,24,23,21,20,19,24,27,27,21,20,20
65036,28,32,32,26,25,24,23,23,27,32,32,26,23,21,22,23,26,30,30,24,23,23
65042,28,32,30,27,27,25,24,23,27,31,31,26,25,25,24,23,27,29,27,24,24,24
65061,24,26,25,21,19,19,18,18,23,24,24,20,19,19,18,17,21,24,23,19,18,19
65121,25,29,28,25,21,21,21,20,24,28,27,24,22,21,20,19,23,27,26,22,21,21
65162,27,29,29,23,22,22,21,21,26,29,28,23,22,20,20,19,24,27,26,21,21,21
65201,28,31,29,27,23,22,22,22,27,30,28,24,22,21,20,19,26,29,28,24,22,21
65256,28,31,30,25,23,23,22,22,27,30,29,23,21,20,19,19,26,29,27,23,22,22
65276,28,31,29,25,25,24,24,24,26,28,27,24,23,23,22,21,25,27,28,24,24,24
65306,28,30,30,24,23,23,22,23,27,28,28,23,21,20,19,18,24,28,26,22,22,22
65356,28,30,29,25,25,25,24,23,26,28,28,23,23,23,21,21,25,28,29,24,24,24
66046,25,26,25,22,21,19,17,18,24,28,27,23,22,21,20,21,23,27,26,21,20,20
66091,26,28,29,23,20,18,18,18,25,29,29,23,21,20,20,20,22,26,27,21,19,19
66127,26,30,29,26,22,21,20,19,26,30,30,26,24,22,22,20,25,27,27,23,22,21
66136,27,29,29,25,22,21,19,19,27,29,29,26,24,22,21,20,25,27,27,23,21,20
66171,26,30,29,25,23,21,21,20,25,30,30,25,24,23,22,22,25,28,28,23,21,21
66186,27,30,29,26,24,23,22,21,26,30,30,25,25,24,23,22,25,28,28,24,23,22
66221,25,28,28,24,22,20,20,19,25,28,28,24,23,22,21,21,23,26,26,22,20,20
66296,27,29,29,27,24,23,22,20,27,30,30,26,24,23,22,22,25,28,28,22,21,21
66306,28,29,30,27,24,22,21,21,28,30,30,24,23,23,22,22,26,28,28,22,21,21
66336,27,30,30,27,24,23,22,21,27,30,31,26,25,24,23,23,26,28,28,23,22,22
66408,28,29,29,29,27,25,24,23,28,30,30,27,26,25,24,23,27,29,29,23,24,24
66421,28,30,30,28,25,24,23,22,28,30,30,27,24,23,24,24,27,28,28,24,23,23
66446,27,28,29,27,26,25,24,23,27,29,29,26,26,25,24,23,26,28,28,23,24,24
66481,28,31,31,28,26,25,24,23,28,32,32,28,26,25,24,24,27,29,29,24,24,24
66501,27,31,31,28,27,26,26,25,28,31,31,27,27,26,24,24,26,29,29,24,25,25
67016,25,27,28,23,21,19,18,18,25,28,28,23,22,20,20,19,22,26,25,21,18,19
67106,24,28,29,26,24,23,22,21,26,30,30,26,25,23,23,22,26,27,26,23,21,21
67116,25,29,29,25,23,22,20,20,26,29,29,25,24,22,22,22,25,27,27,23,21,21
67151,25,29,29,25,23,22,20,19,26,29,30,25,23,21,20,20,24,26,26,22,19,19
67191,24,27,27,24,21,20,19,18,25,26,27,24,21,20,20,20,22,24,24,20,18,19
67212,25,30,31,25,24,23,23,21,26,31,32,25,24,23,23,22,25,27,28,23,22,21
67292,26,29,28,26,25,24,23,22,27,30,30,26,25,24,23,23,26,27,27,24,22,23
67316,25,28,29,25,23,22,20,20,26,29,30,25,23,21,21,20,24,25,25,21,20,20
67326,27,29,29,27,26,24,23,22,28,30,30,27,26,24,24,23,26,28,28,23,23,23
67376,26,28,28,26,23,23,22,20,26,29,29,26,24,22,22,21,25,25,25,23,21,21
67401,28,30,31,28,27,25,24,23,29,31,32,28,26,25,24,23,27,29,30,24,25,24
67421,26,28,29,26,23,23,23,21,26,29,28,25,23,22,21,21,25,26,26,23,21,20
67437,26,29,29,27,28,26,25,24,27,30,30,28,28,27,26,25,27,28,27,25,25,25
67461,28,29,29,26,26,25,24,23,27,30,30,26,26,25,24,24,26,27,26,24,24,24
67471,29,33,31,27,26,26,24,23,29,33,32,27,26,25,24,25,29,31,30,25,25,24
67496,29,31,32,29,27,26,26,24,28,31,31,28,28,27,25,24,28,28,28,26,25,25
67511,27,29,30,27,26,26,25,24,27,30,30,27,26,26,25,24,27,28,28,25,25,25
67576,27,32,32,26,25,25,24,23,27,31,32,27,25,25,24,23,26,28,28,24,24,24
68022,26,27,25,22,22,22,21,21,24,27,27,23,22,22,21,22,27,30,29,24,23,23
68056,26,27,26,22,21,20,20,20,24,28,28,24,23,22,21,21,26,30,30,25,22,22
68091,27,28,28,24,22,21,21,22,27,30,29,25,24,23,22,22,27,30,29,25,23,21
68132,26,27,26,24,23,23,23,23,27,28,27,25,25,25,24,23,26,29,29,26,25,22
68156,27,30,29,24,23,22,22,22,27,31,30,25,24,23,22,22,27,30,29,26,23,20
68246,27,30,30,26,24,23,22,21,28,32,31,27,25,24,23,22,27,30,29,26,24,21
68261,26,29,29,24,23,21,20,19,26,30,29,25,24,22,21,21,24,27,27,24,21,20
68276,26,28,28,24,23,20,19,19,26,30,29,25,23,21,21,21,24,27,27,23,20,20
68306,24,27,27,23,21,20,19,19,25,27,27,23,22,21,20,19,23,25,25,21,18,19
68351,24,29,30,26,24,23,22,21,26,30,30,26,24,22,22,22,24,28,27,24,21,21
68376,26,30,30,26,24,23,22,22,29,31,30,26,25,23,23,23,28,29,28,25,24,23
68401,24,29,29,25,23,22,21,20,26,29,29,25,23,22,21,20,24,27,26,22,20,21
68431,24,28,28,25,22,21,20,19,26,28,27,25,23,20,19,20,25,28,27,23,20,20
68462,27,31,31,28,25,25,23,23,28,32,32,27,25,24,23,22,28,29,28,26,24,22
68516,25,31,31,26,25,24,24,23,27,31,31,27,26,23,22,22,26,29,28,24,22,21
68541,24,29,29,27,24,23,23,22,25,30,30,26,24,22,22,21,24,27,27,23,21,21
69006,26,29,28,24,22,23,23,23,27,30,29,26,25,24,24,24,28,31,30,25,23,21
69021,26,28,28,24,23,22,22,21,26,29,28,25,25,23,23,23,26,29,29,25,24,21
69041,27,29,27,24,22,21,21,20,25,29,28,25,23,22,21,21,27,30,29,25,22,20
69061,26,28,28,23,20,21,20,19,26,30,29,25,22,21,20,20,26,30,29,24,20,20
69076,27,29,29,24,23,22,22,21,27,29,29,26,25,24,23,23,27,30,29,26,23,21
69101,26,28,27,23,22,22,21,21,26,29,28,25,24,23,22,22,26,29,28,25,23,22
69122,26,30,29,24,22,22,21,21,26,31,30,26,25,23,22,20,26,29,28,25,24,22
69246,26,29,28,24,22,20,19,19,26,30,28,25,23,21,21,20,24,27,27,22,21,20
69271,25,27,27,23,21,18,18,18,25,28,28,24,22,20,20,20,23,26,25,21,19,19
81011,25,28,29,26,23,22,21,21,27,30,28,25,23,22,20,20,28,29,29,24,22,21
81071,26,30,29,27,25,24,23,23,27,30,31,27,25,24,23,23,27,28,28,25,24,22
81116,27,30,29,27,25,24,24,22,28,31,30,27,25,23,22,21,27,29,28,25,24,22
81151,24,29,29,26,24,22,22,22,26,30,29,25,24,22,21,21,24,27,27,23,22,21
81196,25,28,29,25,24,23,22,22,26,29,29,25,24,22,22,21,25,26,26,23,22,21
81231,27,30,31,27,25,23,24,24,27,30,30,26,25,24,23,23,26,27,27,25,22,21
81266,25,29,29,26,24,22,22,21,27,30,30,26,23,22,21,21,25,27,27,24,22,21
81286,27,30,31,28,26,25,24,23,28,32,31,27,27,25,24,24,27,27,27,25,25,23
81321,28,29,29,27,25,24,24,23,27,30,30,26,25,25,24,23,27,27,27,24,23,23
81371,28,31,31,27,25,25,24,24,29,32,31,27,26,24,23,23,27,28,29,25,24,23
81386,27,30,30,27,25,25,24,23,27,31,31,27,25,24,24,23,27,29,30,25,24,24
81397,28,29,29,27,25,24,24,23,27,30,30,26,25,24,23,22,27,29,28,25,23,22
81428,27,29,30,27,26,26,25,25,28,31,31,27,26,25,24,24,26,28,28,25,25,24
81481,28,29,29,26,25,25,25,24,28,29,30,27,25,24,24,23,26,27,26,24,24,23
81486,28,30,31,26,25,24,24,23,27,31,31,27,24,23,22,22,26,27,27,24,23,23
71066,25,30,29,25,23,22,21,21,26,28,29,26,24,22,21,20,23,26,26,22,21,21
71087,27,31,30,25,25,24,22,22,27,31,30,25,24,23,22,21,24,27,27,23,23,22
71106,28,31,31,27,27,26,25,25,28,30,31,27,26,25,24,23,24,27,29,26,25,25
71191,25,30,28,24,22,20,19,19,25,29,27,23,22,20,20,19,22,26,26,21,20,20
71231,28,31,30,26,25,25,23,23,27,31,31,26,24,24,22,22,25,28,28,24,24,24
71251,25,30,30,25,23,22,23,23,26,29,30,24,23,22,21,21,22,27,28,21,21,22
71266,29,32,31,26,25,24,24,24,27,30,30,25,24,24,23,22,25,29,27,24,25,25
71291,29,32,32,26,25,24,24,24,28,30,30,26,24,24,23,23,27,28,28,24,24,24
72061,29,31,32,27,26,25,24,24,29,31,32,26,25,24,23,23,26,29,28,23,24,24
72086,28,30,30,28,26,26,26,25,28,31,31,28,27,25,23,23,27,30,30,24,25,25
72111,29,31,31,27,25,25,25,24,29,32,31,28,27,25,24,24,27,28,28,26,25,24
72121,29,31,30,26,24,24,23,23,29,31,31,27,24,23,22,22,25,28,27,24,23,22
72146,29,29,29,27,25,25,24,24,28,32,31,27,25,24,23,22,25,27,28,24,24,24
72161,29,31,31,26,24,24,22,22,29,30,30,28,24,22,21,21,26,30,30,23,22,22
73001,28,32,32,26,24,24,22,21,27,32,32,26,23,23,22,23,27,29,30,23,22,22
73076,27,30,31,27,25,25,24,23,27,31,31,28,25,24,23,23,26,28,28,26,24,23
73126,27,29,29,27,25,25,24,24,28,29,29,28,25,24,23,23,26,28,29,26,24,23
73141,28,31,29,26,23,24,23,22,28,30,29,26,24,23,23,23,27,30,29,24,23,22
73151,27,31,30,26,24,23,22,22,29,31,29,26,25,24,23,22,26,29,29,23,23,23
73166,29,30,30,27,26,26,25,24,29,31,31,27,27,25,24,23,27,29,29,27,26,24
73256,25,27,27,26,25,24,22,22,26,28,28,26,25,24,23,23,24,24,25,24,24,23
73276,25,28,29,25,23,22,20,20,26,29,28,24,22,20,20,20,23,25,25,23,20,21
73306,26,30,31,28,25,24,23,22,27,31,31,27,24,22,22,23,26,29,30,26,23,23
73341,27,29,29,26,24,24,23,23,27,28,28,26,24,22,22,22,25,28,28,24,23,23
73406,27,31,30,26,23,23,22,21,28,31,31,26,23,21,21,22,25,28,29,25,22,22
73442,29,31,30,27,26,25,24,23,29,32,31,27,25,23,23,23,26,27,28,25,25,24
73446,26,29,30,26,25,24,23,23,28,29,30,26,23,22,22,23,24,26,27,25,23,24
73516,29,31,32,27,25,25,24,23,29,32,31,27,24,23,23,23,26,28,28,25,24,24
74056,24,28,29,23,23,21,19,20,24,28,28,23,21,20,20,20,21,24,24,20,19,20
74071,25,31,30,25,23,23,21,21,26,31,31,25,23,22,22,22,23,26,25,22,21,22
74136,26,30,30,27,25,24,22,22,26,30,30,25,24,22,22,22,24,28,29,24,23,23
74181,28,31,31,27,26,25,24,24,28,31,31,27,27,25,24,24,26,27,29,26,25,25
74187,28,30,30,27,25,25,23,23,28,30,30,27,25,24,24,23,25,26,28,26,24,24
74271,29,32,32,27,26,25,24,24,28,30,31,27,25,24,23,22,26,28,29,26,24,24
74296,25,28,28,23,22,22,21,21,24,27,28,23,21,20,21,21,21,24,25,21,21,22
74311,28,31,30,27,26,25,24,23,28,31,31,26,24,24,23,23,25,27,27,25,24,23
74361,26,30,29,25,24,23,23,22,26,29,29,24,22,22,22,22,23,27,27,22,22,22
74372,27,29,28,24,24,24,24,23,26,28,26,23,23,23,22,21,24,27,27,23,23,24
74381,27,30,31,26,24,24,23,23,28,30,31,26,23,22,22,23,23,26,27,24,23,23
74436,27,30,30,26,25,25,25,24,27,30,29,25,24,23,23,23,25,27,28,25,24,24
74447,28,30,31,27,25,25,25,24,28,31,31,26,25,24,23,24,25,26,28,25,24,25
74456,27,30,31,26,25,25,24,24,27,31,31,26,24,23,23,23,25,28,29,24,24,24
74516,28,30,31,26,25,25,25,25,27,30,31,25,23,22,24,23,26,29,29,25,25,25
82046,27,29,29,25,25,23,23,23,28,30,30,26,25,23,21,21,27,29,28,23,22,21
82056,28,29,29,27,26,25,25,24,29,31,31,28,26,24,23,22,27,28,28,24,24,23
82101,27,29,29,26,25,24,24,24,28,30,29,27,25,23,22,22,26,27,27,24,23,23
82136,27,29,29,27,26,25,24,24,27,29,29,27,25,24,22,21,26,28,27,25,23,22
82171,28,31,31,27,25,24,23,23,28,33,32,27,25,24,22,22,27,29,30,24,24,23
82182,28,31,31,27,27,25,25,24,29,33,31,27,26,25,24,23,28,30,29,24,25,24
82191,28,30,30,27,26,25,24,23,28,30,30,27,25,24,23,22,27,29,28,24,23,22
82206,26,29,29,26,24,23,22,22,27,29,29,26,23,22,21,20,26,28,27,24,21,21
82261,27,30,30,27,25,24,24,23,28,30,30,27,25,24,22,21,26,27,26,24,23,22
82306,27,30,30,28,26,26,25,24,28,30,30,28,26,25,24,23,27,29,29,26,24,24
82317,28,29,29,26,24,23,22,21,28,29,29,25,24,23,21,20,25,26,26,24,22,22
82361,29,31,31,27,25,25,24,23,29,31,31,28,26,24,22,21,27,28,27,25,23,23
83021,28,32,32,26,24,23,22,23,28,32,33,26,24,23,22,22,26,28,28,24,23,22
83051,28,30,29,27,24,24,23,23,28,30,30,27,25,24,22,22,26,27,27,25,24,23
83061,27,30,30,27,24,24,23,23,28,31,31,27,25,24,22,22,26,27,28,25,24,23
83106,26,30,30,26,24,23,23,23,28,30,29,26,24,23,22,22,26,26,26,23,22,22
83121,28,30,29,26,25,23,23,24,28,30,31,26,25,23,22,22,26,26,26,24,24,23
83137,28,30,31,28,26,25,24,23,28,30,30,27,26,24,23,22,26,27,27,26,25,23
83191,26,29,29,25,23,23,22,22,26,28,29,25,24,23,21,21,25,26,26,23,22,23
83201,27,28,28,25,23,24,23,23,25,28,28,25,24,22,21,21,23,24,24,21,21,22
83216,27,30,30,27,25,25,24,24,28,30,31,27,26,25,23,24,26,27,27,25,25,24
83341,26,29,29,26,24,23,22,22,27,30,31,26,24,22,21,21,24,27,27,23,22,22
83371,25,28,28,25,24,24,23,23,26,28,28,26,25,23,22,21,24,24,25,22,23,22
83401,26,28,28,27,26,25,24,24,28,30,30,27,25,23,22,22,26,27,28,25,24,23
83431,26,28,28,25,24,23,22,22,26,29,29,26,25,22,20,20,24,26,26,23,22,22
83476,28,30,30,26,25,25,25,25,28,30,30,27,26,24,23,23,26,27,28,25,25,24
84012,23,25,25,23,23,23,23,23,25,26,26,23,23,23,23,22,23,25,25,23,23,22
84072,25,28,28,25,24,24,23,24,27,30,29,25,24,23,23,22,24,28,27,24,23,23
84121,26,29,28,24,24,24,24,23,27,30,30,25,24,23,23,22,25,28,27,23,23,23
84171,26,30,29,25,24,23,23,23,27,30,29,25,24,24,22,22,25,28,29,25,23,23
84183,27,32,31,27,25,23,23,22,28,32,31,28,25,24,22,21,25,29,29,25,23,22
84266,28,32,32,28,26,25,25,24,29,32,31,29,27,26,24,23,27,28,28,26,24,24
84306,29,33,33,27,25,23,23,22,29,33,31,28,25,24,22,21,27,30,30,24,22,22
84341,28,31,32,26,25,23,23,23,29,31,31,27,25,24,22,21,26,29,29,26,23,22
84496,27,31,30,27,26,25,25,24,28,32,30,29,27,25,23,22,26,29,28,25,24,23
84519,25,26,27,23,21,21,20,19,24,27,26,23,21,20,19,18,22,24,25,20,18,19
84523,28,33,33,28,26,25,24,24,29,32,31,28,26,24,23,23,27,30,30,25,24,24
84536,28,32,31,27,25,24,23,22,28,30,30,26,24,23,22,21,27,30,29,25,22,21
84561,29,32,33,27,25,24,23,22,29,32,32,27,25,24,22,21,27,29,29,24,23,23
84597,28,31,32,28,26,25,24,23,28,33,31,28,27,25,23,22,26,29,29,26,25,24
85033,28,32,31,26,24,24,23,23,28,32,30,27,25,23,22,21,25,28,27,23,22,22
85116,26,30,30,27,26,24,23,23,28,31,30,29,26,24,22,21,25,27,26,23,22,22
85142,27,31,31,28,27,25,25,24,28,31,30,28,26,25,24,23,27,30,30,25,24,23
85161,27,31,31,27,25,24,23,22,28,31,30,27,25,23,22,20,26,28,29,23,21,21
85166,28,32,32,28,26,25,24,24,29,32,31,28,26,24,23,21,27,29,29,25,23,22
86006,26,29,30,26,23,22,21,20,26,30,29,26,23,22,21,20,25,26,26,24,21,21
86066,26,28,29,25,23,23,22,21,26,28,29,24,23,22,20,19,23,24,25,22,21,21
86086,29,32,32,27,26,25,24,23,29,32,32,28,26,25,23,22,27,28,28,25,23,23
86101,28,30,30,26,25,24,23,23,28,30,30,26,25,24,22,21,26,26,26,24,23,23
86111,24,28,28,24,23,23,22,21,25,28,27,24,23,22,20,19,22,23,23,21,21,21
86141,28,30,30,27,26,25,24,24,28,30,31,27,26,25,23,22,27,28,27,25,24,24
86157,26,28,28,24,23,23,22,21,26,28,27,25,24,23,21,21,23,24,24,22,22,22
86161,24,27,27,24,23,22,22,21,25,27,28,23,23,23,21,21,23,23,24,22,22,22
86216,27,33,34,28,26,24,23,23,28,32,32,29,26,24,23,21,26,28,28,25,24,23
86236,27,30,31,27,24,23,23,22,28,31,31,27,24,23,22,21,26,28,27,24,23,22
86271,27,31,31,26,24,23,22,22,27,30,31,27,25,23,22,21,26,28,28,24,23,23
86316,27,30,30,26,24,23,22,21,29,30,30,27,24,22,21,20,26,27,27,24,22,22
86336,26,30,31,27,25,23,23,23,28,31,31,27,25,24,22,21,26,27,27,25,23,23
86451,27,31,31,27,24,23,22,22,28,31,31,27,25,23,22,21,26,26,27,26,23,22
86467,27,29,30,27,25,24,22,22,28,30,30,27,25,23,22,21,24,27,29,25,24,23
86477,27,30,31,27,25,24,22,22,27,30,30,27,25,24,22,21,24,29,30,25,25,24
86491,28,32,33,29,26,25,25,24,29,34,33,29,27,25,24,23,27,29,29,26,24,24
87041,25,28,27,24,23,23,22,22,25,28,28,25,24,23,21,21,23,25,25,22,23,22
87066,27,30,30,26,25,25,24,24,27,30,30,26,26,25,23,23,25,28,27,25,25,25
87071,25,28,28,23,23,23,22,21,25,27,28,23,23,21,20,20,22,24,24,21,21,21
87141,28,30,29,27,25,25,24,24,28,31,30,27,26,25,23,23,25,28,28,25,25,25
87181,27,29,29,27,25,24,23,24,27,30,30,26,25,25,23,23,24,27,26,25,25,25
87206,26,29,29,25,23,23,22,22,26,29,29,25,24,23,22,21,23,27,26,23,23,23
87231,25,28,28,25,24,23,22,23,26,29,29,25,24,23,21,21,23,27,28,24,23,23
87293,29,30,29,26,24,24,24,23,27,31,29,26,25,25,23,22,25,27,27,25,24,24
87301,28,29,29,26,24,24,23,22,28,30,31,26,24,24,22,21,25,27,28,24,23,23
87331,29,30,29,26,25,25,24,24,28,31,30,26,25,24,23,22,25,28,28,24,24,24
87352,27,29,29,25,25,24,24,24,27,30,30,25,24,24,23,22,24,27,28,24,23,24
87376,28,31,30,26,26,25,24,25,29,31,30,26,25,25,24,23,25,28,28,24,25,25
87406,27,29,29,25,25,25,24,25,27,30,30,26,25,24,23,22,24,26,25,23,24,24
87426,27,30,30,26,25,25,24,24,28,31,31,26,24,24,23,22,25,27,26,24,23,24
87492,30,30,30,26,26,25,24,24,28,31,30,26,25,25,24,23,26,28,27,24,25,25
87501,30,31,31,27,26,25,25,25,29,32,32,27,25,25,24,23,26,29,28,25,24,24
88061,28,30,31,27,25,23,23,22,28,31,30,27,26,24,23,22,26,26,27,26,23,23
88081,28,29,29,26,24,23,22,21,27,30,29,25,24,24,22,21,25,27,29,24,24,23
88107,29,30,31,27,24,23,22,22,28,31,31,27,25,24,23,21,25,27,28,25,23,23
88131,30,32,32,29,26,25,25,24,29,33,33,28,27,26,24,23,26,29,30,26,25,24
88151,28,30,30,27,25,24,24,24,28,31,31,27,25,24,24,22,26,28,29,25,23,23
88261,30,32,32,27,25,24,24,24,29,33,33,28,26,25,24,23,27,29,30,25,24,24
88286,26,28,27,24,23,22,22,22,26,29,28,24,23,22,22,21,23,26,25,21,21,22
88317,29,31,32,28,27,26,26,25,29,32,32,28,27,26,26,25,26,29,29,26,25,25
88331,25,28,27,25,23,23,22,22,26,28,28,25,23,21,21,20,23,25,25,21,21,21
88371,31,31,32,28,26,26,25,24,30,32,32,28,26,25,24,23,26,29,29,25,24,24
88406,29,31,30,26,25,25,25,24,29,32,31,26,25,24,23,22,25,28,27,24,23,23
88432,29,31,30,26,25,25,24,23,28,31,31,26,25,24,23,24,26,28,28,23,23,23
88442,28,30,29,26,25,25,25,25,28,32,31,27,25,24,24,23,25,29,28,24,23,23
88447,28,31,29,26,25,25,24,24,28,31,31,27,25,23,23,22,24,28,27,24,23,23
88466,29,31,31,27,26,26,25,24,29,32,31,27,25,25,24,23,26,29,29,25,24,24
88486,28,31,31,27,25,24,24,24,29,31,32,26,25,25,24,23,25,29,29,25,24,24
88506,29,31,30,27,25,25,24,24,29,32,31,26,25,24,24,22,26,28,27,24,24,24
88536,27,30,29,26,24,24,23,23,28,30,31,25,24,24,23,21,24,27,28,23,23,23
88612,29,32,32,27,26,26,26,25,29,32,31,27,26,26,25,24,25,29,29,25,25,25
88666,28,29,29,25,24,24,24,24,28,30,30,25,24,24,23,23,25,27,28,23,24,23
88686,28,31,30,26,26,25,25,25,28,31,31,26,25,26,25,25,26,27,27,25,26,25
88706,28,30,30,27,26,26,26,26,29,31,31,27,26,26,25,24,27,28,28,26,26,25
88736,27,29,28,25,25,24,24,24,27,30,29,25,24,24,24,23,25,27,28,24,24,24
88836,29,30,31,27,26,26,26,24,28,31,31,27,26,26,25,23,26,30,29,27,25,26
88901,29,30,30,28,27,27,27,26,29,30,30,28,26,26,25,24,27,30,29,27,26,26
88956,29,31,30,27,27,26,25,25,29,30,29,27,25,25,24,24,28,29,30,26,25,25
88971,29,31,32,28,27,27,27,26,30,32,31,28,26,26,26,25,29,30,29,27,26,26
91011,30,32,32,28,27,26,25,26,30,31,30,28,26,26,25,25,29,30,30,27,26,26
91021,28,31,29,26,25,25,24,24,28,30,27,26,24,24,24,24,27,29,27,25,24,24
91107,30,33,33,28,27,27,27,26,29,33,31,28,26,26,25,25,29,30,29,27,26,26
91146,29,32,31,28,26,26,26,25,28,32,30,28,26,26,25,24,28,30,29,27,26,26
91166,28,31,31,26,26,26,26,26,29,31,31,26,26,25,25,24,27,29,29,25,25,25
91181,27,29,29,26,25,24,24,25,27,30,29,26,25,24,24,23,27,29,28,24,24,24
91197,29,31,31,27,27,27,27,26,30,31,32,28,27,26,25,25,29,29,29,26,26,26
91241,28,31,30,25,25,25,25,25,28,32,32,26,24,24,23,23,27,29,28,24,24,24
92011,31,31,30,28,27,26,25,26,29,31,31,27,26,26,25,26,29,30,29,27,26,25
93041,27,29,29,26,26,25,25,26,27,29,29,26,25,25,24,24,26,27,27,25,25,25
94001,28,29,30,27,26,25,25,25,27,29,29,26,24,23,23,23,26,28,28,25,24,23
94017,28,30,29,27,25,25,25,24,28,29,29,27,25,25,24,23,27,30,30,26,24,23
94062,27,30,30,27,25,25,24,24,27,29,29,26,24,24,24,24,27,29,28,25,24,24
94081,27,30,29,27,26,26,25,25,27,30,30,27,25,24,24,24,27,29,28,25,24,24
94101,29,29,30,27,26,25,24,24,28,29,30,26,24,24,24,23,27,28,28,25,23,23
94116,28,30,30,27,26,25,25,24,28,28,29,26,25,25,25,24,27,29,29,25,24,24
